Time in ms
Size: P-Value
	avg_CompMerge std_dev_CompMerge avg_cpu_Merge std_dev_cpu_Merge
	avg_CompQuickDet std_dev_CompQuickDet avg_cpu_QuickDet std_dev_cpu_QuickDet
	avg_CompQuickRand std_dev_CompQuickRand avg_cpu_QuickRand std_dev_cpu_QuickRand

10 0
	19 0 0 0 45 0 0.04 0.2 24.64 3.95685 0 0

20 0
	48 0 0 0 190 0 0 0 70.2 11.1803 0.04 0.2

50 0
	153 0 0.04 0.2 1225 0 0.04 0.2 256.52 19.4425 0 0

100 0
	356 0 0.04 0.2 4950 0 0.04 0.2 659.72 67.5003 0 0

200 0
	812 0 0.16 0.374166 19900 0 0.04 0.2 1556.92 106.667 0 0

500 0
	2272 0 0.36 0.489898 124750 0 0.36 0.489898 4819.24 284.159 0.04 0.2

750 0
	3769 0 0.6 0.5 280875 0 0.76 0.43589 7741.92 401.51 0.08 0.276887

1000 0
	5044 0 0.4 0.5 499500 0 1.2 0.408248 10904 473.626 0.2 0.408248

2000 0
	11088 0 1 0.288675 1.999e+06 0 4.6 0.5 24490.6 1148.61 0.2 0.408248

2500 0
	14752 0 1.68 0.690411 3.12375e+06 0 7.72 0.737111 31878.8 1542.39 0.48 0.509902

3000 0
	18076 0 2.04 0.61101 4.4985e+06 0 11.52 1.08474 39785.6 3101.22 0.56 0.506623

10 0.1
	21.04 2.28181 0 0 39.88 5.68126 0 0 25.52 3.8527 0 0

20 0.1
	57.04 4.58694 0 0 148.36 32.8797 0 0 68.48 6.52636 0.04 0.2

50 0.1
	199.24 10.6626 0.04 0.2 563.84 164.337 0 0 244.92 29.0186 0 0

100 0.1
	488.84 13.8494 0 0 1471.36 430.88 0 0 614.32 56.6633 0.12 0.331662

200 0.1
	1161.32 23.8777 0.24 0.43589 3910.36 978.192 0.04 0.2 1452.16 98.4834 0.04 0.2

500 0.1
	3527.56 50.8143 0.4 0.5 10956.8 2699.75 0.08 0.276887 4680.6 396.589 0.04 0.2

750 0.1
	5839.64 59.5293 0.56 0.583095 17993.5 3723.18 0.16 0.374166 7354.12 370.049 0.2 0.408248

1000 0.1
	8072.8 67.3375 1.04 0.351188 24786.3 7608.25 0.04 0.2 10494.6 610.92 0.24 0.43589

2000 0.1
	18076.9 161.243 1.28 0.458258 53252.7 12279.9 0.32 0.476095 23789.6 1314.08 0.32 0.476095

2500 0.1
	23798.4 139.374 1.64 0.489898 64089 10981.6 0.2 0.408248 30544.5 1612.32 0.56 0.506623

3000 0.1
	29257 191.352 1.84 0.687992 93084.7 23601.5 0.48 0.509902 37470.2 1592.26 0.48 0.509902

10 0.2
	21.92 1.97737 0 0 35.36 6.91544 0 0 22.76 4.15612 0 0

20 0.2
	60.36 4.23163 0.04 0.2 122.76 34.4484 0 0 67.52 10.5282 0 0

50 0.2
	211.08 7.41575 0.04 0.2 435.16 114.193 0 0 240.44 22.7011 0 0

100 0.2
	514.52 14.8102 0.04 0.2 1041.2 225.118 0 0 596.28 47.7829 0 0

200 0.2
	1228.64 23.613 0.16 0.374166 2660.16 630.517 0.04 0.2 1435.2 109.685 0 0

500 0.2
	3676.04 32.5711 0.16 0.374166 7583.32 1194.16 0.16 0.374166 4422.28 309.385 0.16 0.374166

750 0.2
	6056.72 48.3042 0.8 0.816497 11832.5 1965.12 0.08 0.276887 7479.88 550.563 0.08 0.276887

1000 0.2
	8379.28 61.0673 0.6 0.5 17342.5 3066.71 0.24 0.43589 10109.5 807.519 0.2 0.408248

2000 0.2
	18765 91.5428 1.36 0.489898 40700.4 8415.17 0.28 0.458258 22424.8 928.996 0.48 0.509902

2500 0.2
	24534.3 112.789 1.96 0.675771 49498.4 12827.6 0.36 0.489898 29101.8 1423.17 0.48 0.509902

3000 0.2
	30178 99.1209 2 0.5 61781 11890.2 0.56 0.506623 36278.7 2575.31 0.56 0.506623

10 0.5
	22.48 1.61038 0.04 0.2 26.96 5.99639 0 0 21.52 6.37783 0 0

20 0.5
	62.64 2.70617 0 0 89.04 17.288 0 0 62.52 7.85875 0 0

50 0.5
	221.08 4.26146 0 0 283.08 50.1323 0 0 227.84 30.6563 0 0

100 0.5
	539.32 7.65789 0.08 0.276887 719.92 140.13 0 0 539.56 65.8414 0.08 0.276887

200 0.5
	1266.68 12.8476 0.2 0.408248 1702.4 194.976 0 0 1341.76 163.779 0 0

500 0.5
	3819.56 15.2427 0.64 0.489898 5099.96 573.344 0.04 0.2 4006.68 316.704 0.12 0.331662

750 0.5
	6202.04 27.3838 0.52 0.509902 8856.8 1133.76 0.24 0.43589 6405.52 527.585 0.16 0.374166

1000 0.5
	8639.52 24.8799 0.56 0.506623 12297.6 1866.79 0.24 0.43589 8981.6 720.769 0.2 0.408248

2000 0.5
	19266.2 46.9382 1.36 0.489898 27051.6 2991.45 0.36 0.489898 20014.7 1341.63 0.48 0.509902

2500 0.5
	25017.4 45.1923 1.48 0.509902 35487.6 3868.05 0.36 0.489898 26001 2068.49 0.52 0.509902

3000 0.5
	30771.6 49.9659 1.76 0.43589 44193.6 4291.05 0.32 0.476095 32098.6 1519.68 0.68 0.476095

10 1
	22.56 1.35647 0 0 22.56 5.59821 0 0 18.76 4.68402 0 0

20 1
	63.72 2.18937 0.04 0.2 67.36 11.0675 0 0 54.76 12.1733 0 0

50 1
	221.96 3.51757 0 0 228.56 30.7802 0 0 208.16 35.8581 0.04 0.2

100 1
	540.92 6.10956 0.08 0.276887 558.44 74.2945 0 0 504.8 85.1665 0.04 0.2

200 1
	1280.08 8.70306 0.08 0.276887 1467.12 202.255 0 0 1196.76 153.971 0.04 0.2

500 1
	3854.8 11.9373 0.28 0.458258 4436.52 539.553 0.08 0.276887 3527.8 287.864 0.12 0.331662

750 1
	6227.16 18.6808 0.36 0.489898 7061.64 658.443 0.16 0.374166 5950.16 352.233 0.32 0.476095

1000 1
	8700.24 19.9526 0.84 0.374166 10209.8 919.304 0.16 0.374166 8343.68 632.351 0.44 0.506623

2000 1
	19396.2 27.1922 2.08 0.759386 23199.7 3281.43 0.56 0.506623 18528.4 1354.39 0.84 0.472582

2500 1
	25097.2 30.4134 1.36 0.568624 28528.9 2109.68 0.64 0.489898 23567.3 1467.57 0.44 0.506623

3000 1
	30904.6 37.673 1.96 0.454606 35822.2 2433.22 0.56 0.506623 29916.9 2134.85 0.76 0.43589

