Time in ms
Size: P-Value
	avg_CompMerge std_dev_CompMerge avg_cpu_Merge std_dev_cpu_Merge
	avg_CompQuickDet std_dev_CompQuickDet avg_cpu_QuickDet std_dev_cpu_QuickDet
	avg_CompQuickRand std_dev_CompQuickRand avg_cpu_QuickRand std_dev_cpu_QuickRand

10 0
	19 0 0 0
	45 0 0 0
	24.96 3.61109 0 0

20 0
	48 0 0.04 0.2
	190 0 0 0
	68.8 7.86342 0 0

50 0
	153 0 0.04 0.2
	1225 0 0 0
	260.28 28.407 0.04 0.2

100 0
	356 0 0.04 0.2
	4950 0 0.08 0.276887
	635.64 49.8296 0.04 0.2

200 0
	812 0 0.16 0.374166
	19900 0 0.12 0.331662
	1580 148.132 0 0

500 0
	2272 0 0.12 0.331662
	124750 0 0.8 0.408248
	4777.8 225.817 0.12 0.331662

750 0
	3769 0 0.56 0.506623
	280875 0 1.04 0.2
	7690.68 433.873 0.16 0.374166

1000 0
	5044 0 0.8 0.408248
	499500 0 1.84 0.374166
	10633.4 469.744 0.12 0.331662

2000 0
	11088 0 3.04 1.7673
	1.999e+06 0 12.68 5.11306
	24998 1306.93 0.88 0.525991

2500 0
	14752 0 2.4 0.645497
	3.12375e+06 0 11.16 0.943398
	32136.4 1674.5 0.48 0.509902

3000 0
	18076 0 3.32 1.1804
	4.4985e+06 0 15.4 1.19024
	39328.4 1434.88 0.6 0.5

10 0.1
	21.36 2.39583 0 0
	39.84 4.84493 0 0
	25.12 4.38102 0 0

20 0.1
	56.44 4.67333 0 0
	146.32 25.4668 0 0
	64.92 9.53467 0.04 0.2

50 0.1
	196.96 9.54585 0.04 0.2
	612.92 172.501 0.04 0.2
	248.04 25.4828 0 0

100 0.1
	487.68 16.9108 0.08 0.276887
	1570.32 431.71 0.04 0.2
	624.68 47.3125 0 0

200 0.1
	1165.12 29.108 0.24 0.43589
	3803.6 1066.1 0 0
	1515.92 112.914 0.04 0.2

500 0.1
	3519.8 51.9599 0.4 0.5
	11097.4 2821.64 0 0
	4568.4 332.165 0.16 0.374166

750 0.1
	5806.08 86.2288 0.92 0.4
	16034.9 4057.27 0.12 0.331662
	7609.8 591.464 0.08 0.276887

1000 0.1
	8041.64 72.3814 1.28 0.541603
	24194.2 4590.26 0.32 0.476095
	10330.2 514.743 0.24 0.43589

2000 0.1
	18115.2 119.725 2.32 0.627163
	53597.4 13001 0.48 0.509902
	23504.3 1477.49 0.68 0.476095

2500 0.1
	23797.5 165.48 2.24 0.663325
	68046.7 11901.4 0.56 0.506623
	30093.1 1427.04 0.44 0.506623

3000 0.1
	29278.4 119.824 2.4 0.707107
	92028.1 23767.9 0.6 0.5
	38121 2222.23 0.76 0.43589

10 0.2
	22.44 1.78139 0 0
	35.68 6.83569 0 0
	21.64 3.72916 0 0

20 0.2
	59.32 4.57092 0.04 0.2
	118.08 24.6305 0 0
	66.24 7.96492 0 0

50 0.2
	209.04 8.95116 0.04 0.2
	419.4 108.259 0 0
	253.2 30.9543 0.04 0.2

100 0.2
	514.12 12.1632 0.12 0.331662
	1039.92 221.371 0.12 0.331662
	618.64 67.0391 0.04 0.2

200 0.2
	1242.28 11.2603 0.44 0.506623
	2511.44 336.433 0.12 0.331662
	1442.76 108.792 0.28 0.458258

500 0.2
	3694.32 34.211 1.12 0.525991
	7825.8 1460.44 0.28 0.458258
	4563.6 342.165 0.44 0.506623

750 0.2
	6047.24 64.0015 1.8 1.25831
	11991.7 1828.55 0.28 0.458258
	7168.2 397.733 0.52 0.509902

1000 0.2
	8360.56 37.4845 1.24 0.597216
	16229.6 2395.95 0.2 0.408248
	9952.88 597.231 0.2 0.408248

2000 0.2
	18754.7 87.5997 2.44 0.869866
	38563.4 7064.62 0.44 0.506623
	22843 1498.27 0.8 0.5

2500 0.2
	24534 82.5687 3.04 1.17189
	50938 7998.91 0.8 0.5
	29053.8 1505.37 0.8 0.5

3000 0.2
	30178.2 115.609 2.76 0.597216
	59243.7 7646.66 0.52 0.509902
	36025.8 2299.34 0.8 0.408248

10 0.5
	22.44 1.73397 0 0
	26.92 7.14096 0 0
	20.24 5.30157 0 0

20 0.5
	63.72 2.28254 0 0
	82.08 23.6589 0 0
	62.04 12.126 0 0

50 0.5
	219.4 4.78714 0.08 0.276887
	289.48 52.0193 0 0
	223.88 35.1572 0.04 0.2

100 0.5
	540.16 7.44245 0.28 0.458258
	742.84 123.424 0 0
	554.64 61.384 0 0

200 0.5
	1273.52 11.4896 0.16 0.374166
	1718.48 247.346 0.04 0.2
	1279.48 106.027 0.04 0.2

500 0.5
	3826.24 17.0692 0.44 0.506623
	5128.48 629.37 0.04 0.2
	3928 401.993 0.24 0.43589

750 0.5
	6195.24 28.3082 0.72 0.458258
	8673 769.19 0.08 0.276887
	6343.76 538.268 0.32 0.476095

1000 0.5
	8637.88 30.7603 2.16 0.553775
	11996 1222.1 0.52 0.509902
	9051.64 580.074 0.84 0.472582

2000 0.5
	19260.3 39.548 4.32 1.1804
	27149.2 3013.08 1.16 0.553775
	19985.6 1676.36 1.6 0.645497

2500 0.5
	25016 43.9749 2.12 0.525991
	34650.3 2947.04 0.56 0.506623
	26434.3 1493.35 0.8 0.408248

3000 0.5
	30779.5 61.1413 2.64 0.637704
	43536.3 4671.09 0.6 0.5
	31946.9 2313.84 0.96 0.538516

10 1
	22.84 1.10604 0 0
	21.32 6.45962 0 0
	20.04 5.74079 0 0

20 1
	63.6 2.5 0 0
	62.44 14.2656 0 0
	57.12 12.2485 0 0

50 1
	222.12 3.01828 0.08 0.276887
	248.2 42.5549 0.04 0.2
	198.76 31.4381 0 0

100 1
	540.48 6.67158 0.24 0.43589
	613.84 93.8965 0.04 0.2
	506.2 61.922 0.08 0.276887

200 1
	1282.28 8.44354 0.24 0.43589
	1407 117.368 0.08 0.276887
	1177.28 99.3653 0.08 0.276887

500 1
	3852.16 14.0317 0.76 0.43589
	4445.04 476.033 0.16 0.374166
	3713 328.193 0.4 0.5

750 1
	6228.12 18.3469 0.6 0.5
	7004.76 662.18 0.2 0.408248
	5757.96 431.903 0.28 0.458258

1000 1
	8694.44 20.5286 1.64 0.489898
	9758.24 693.084 0.44 0.506623
	8578.24 896.798 0.64 0.489898

2000 1
	19395.7 28.9648 3.4 1.04083
	22304.3 2220.79 0.88 0.439697
	18472.7 1268.36 1.12 0.525991

2500 1
	25101.5 25.4593 2.2 0.5
	28272.1 1417.4 0.36 0.489898
	24091.3 2276.23 0.92 0.4

3000 1
	30895.8 36.3986 2.28 0.541603
	35428.3 2926 0.72 0.458258
	29827.6 1998.75 1.08 0.276887

